0 0.305000 0.448333 0.300000 0.463333 0.353750 0.471667 0.358750 0.456667
1 0.668750 0.656667 0.678750 0.683333 0.762500 0.669167 0.753750 0.643333
1 0.586250 0.665000 0.616250 0.660000 0.593750 0.601667 0.563750 0.607500
0 0.785000 0.766667 0.781250 0.745000 0.723750 0.749167 0.727500 0.770833
2 1.000000 0.760833 1.000000 0.739167 0.908750 0.746667 0.911250 0.769167
3 0.826250 0.715833 0.825000 0.710000 0.816250 0.710000 0.817500 0.715833
3 0.658750 0.733333 0.663750 0.736667 0.670000 0.733333 0.665000 0.730000
3 0.461250 0.695833 0.460000 0.690833 0.453750 0.690833 0.453750 0.695833
0 0.566250 0.605000 0.588750 0.600833 0.573750 0.560833 0.551250 0.565000
1 0.550000 0.560000 0.576250 0.555833 0.560000 0.513333 0.533750 0.517500
0 0.528750 0.510000 0.551250 0.506667 0.536250 0.469167 0.515000 0.473333
0 0.512500 0.467500 0.532500 0.464167 0.520000 0.428333 0.500000 0.431667
1 0.497500 0.425833 0.522500 0.421667 0.506250 0.380000 0.481250 0.384167
1 0.438750 0.303333 0.477500 0.296667 0.457500 0.246667 0.420000 0.253333
1 0.472500 0.367500 0.501250 0.363333 0.482500 0.309167 0.453750 0.314167
1 0.423750 0.243333 0.453750 0.238333 0.435000 0.185833 0.405000 0.190833
3 0.412500 0.215000 0.401250 0.216667 0.403750 0.221667 0.413750 0.220000
1 0.403750 0.174167 0.433750 0.169167 0.415000 0.116667 0.385000 0.121667
0 0.870000 0.769167 0.868750 0.752500 0.813750 0.755000 0.815000 0.771667
3 0.536250 0.400833 0.528750 0.402500 0.530000 0.406667 0.538750 0.405000
3 0.125000 0.716667 0.122500 0.710833 0.117500 0.711667 0.120000 0.718333
2 0.006250 0.792500 0.006250 0.771667 0.000000 0.772500 0.000000 0.793333
1 0.370000 0.104167 0.400000 0.099167 0.381250 0.046667 0.351250 0.051667
3 0.526250 0.403333 0.518750 0.404167 0.520000 0.408333 0.527500 0.406667
0 0.086250 0.790000 0.086250 0.773333 0.026250 0.773333 0.026250 0.790000