0 0.516250 0.712500 0.491250 0.713333 0.491250 0.752500 0.517500 0.751667
0 0.476250 0.700000 0.452500 0.700000 0.452500 0.730833 0.476250 0.730833
0 0.482500 0.751667 0.458750 0.751667 0.458750 0.786667 0.482500 0.786667
0 0.437500 0.640833 0.413750 0.640833 0.413750 0.670833 0.437500 0.670833
0 0.475000 0.604167 0.450000 0.605000 0.453750 0.645000 0.478750 0.644167
0 0.437500 0.743333 0.413750 0.743333 0.415000 0.778333 0.438750 0.778333
1 0.448750 0.861667 0.422500 0.862500 0.423750 0.905833 0.450000 0.905833
0 0.485000 0.823333 0.461250 0.823333 0.462500 0.860833 0.486250 0.860000
0 0.490000 0.905000 0.465000 0.905833 0.467500 0.944167 0.492500 0.944167
0 0.440000 0.500000 0.415000 0.500000 0.412500 0.540000 0.437500 0.540000
0 0.476250 0.475833 0.451250 0.475833 0.451250 0.515833 0.476250 0.515833
0 0.438750 0.384167 0.416250 0.384167 0.415000 0.422500 0.437500 0.422500
0 0.517500 0.491667 0.491250 0.490833 0.488750 0.530833 0.513750 0.531667
0 0.520000 0.784167 0.495000 0.785000 0.496250 0.825000 0.521250 0.824167
1 0.530000 0.860000 0.505000 0.860833 0.508750 0.914167 0.533750 0.913333
2 0.380000 0.400833 0.347500 0.404167 0.365000 0.492500 0.396250 0.490000
2 0.375000 0.207500 0.341250 0.206667 0.337500 0.295000 0.370000 0.295833
1 0.450000 0.274167 0.426250 0.273333 0.425000 0.314167 0.447500 0.315000
0 0.478750 0.366667 0.456250 0.366667 0.456250 0.403333 0.480000 0.403333
0 0.455000 0.935000 0.430000 0.935000 0.430000 0.975000 0.455000 0.975000
1 0.455000 0.980833 0.430000 0.982500 0.435000 1.000000 0.460000 1.000000
0 0.492500 0.969167 0.467500 0.969167 0.468750 1.000000 0.493750 1.000000
1 0.466250 0.110833 0.440000 0.110000 0.437500 0.153333 0.463750 0.154167
2 0.390000 0.034167 0.352500 0.033333 0.350000 0.123333 0.387500 0.124167
0 0.227500 0.699167 0.203750 0.699167 0.203750 0.737500 0.227500 0.737500
0 0.230000 0.756667 0.205000 0.756667 0.205000 0.795833 0.230000 0.795833
1 0.247500 0.955833 0.222500 0.956667 0.225000 1.000000 0.250000 0.999167
0 0.347500 0.740833 0.335000 0.725833 0.286250 0.743333 0.297500 0.758333
0 0.295000 0.790000 0.308750 0.804167 0.356250 0.783333 0.342500 0.769167
0 0.735000 0.762500 0.758750 0.762500 0.757500 0.722500 0.733750 0.722500
0 0.732500 0.684167 0.757500 0.684167 0.758750 0.644167 0.733750 0.644167
0 0.837500 0.665833 0.860000 0.665000 0.857500 0.630000 0.835000 0.630833
1 0.837500 0.479167 0.863750 0.479167 0.865000 0.436667 0.838750 0.436667
0 0.932500 0.944167 0.927500 0.960000 0.983750 0.967500 0.988750 0.950833
0 0.227500 0.650000 0.202500 0.649167 0.200000 0.684167 0.225000 0.685000
0 0.867500 0.956667 0.888750 0.948333 0.860000 0.916667 0.840000 0.925833
3 0.893750 0.641667 0.882500 0.641667 0.882500 0.650000 0.893750 0.650000
3 0.330000 0.602500 0.330000 0.593333 0.316250 0.593333 0.316250 0.602500
0 0.696250 0.430833 0.720000 0.431667 0.722500 0.392500 0.698750 0.391667
0 0.228750 0.475833 0.205000 0.475833 0.203750 0.514167 0.226250 0.515000
3 0.295000 0.545000 0.305000 0.539167 0.296250 0.533333 0.286250 0.539167
3 0.335000 0.566667 0.347500 0.562500 0.341250 0.555000 0.328750 0.559167
3 0.318750 0.525000 0.331250 0.521667 0.327500 0.514167 0.313750 0.517500
1 0.402500 0.859167 0.375000 0.860000 0.377500 0.902500 0.403750 0.901667
3 0.933750 0.779167 0.946250 0.779167 0.946250 0.770000 0.935000 0.769167
3 0.906250 0.909167 0.918750 0.910000 0.920000 0.900833 0.907500 0.900000
3 0.937500 0.227500 0.950000 0.227500 0.950000 0.219167 0.937500 0.218333
0 0.813750 0.330000 0.838750 0.330833 0.841250 0.291667 0.816250 0.290833
3 0.910000 0.745833 0.898750 0.745000 0.897500 0.755000 0.908750 0.755833
3 0.780000 0.253333 0.790000 0.254167 0.790000 0.246667 0.780000 0.245833
3 0.950000 0.777500 0.960000 0.777500 0.960000 0.770000 0.950000 0.770000
3 0.795000 0.266667 0.783750 0.266667 0.785000 0.273333 0.795000 0.272500