2 0.515000 0.773333 0.478750 0.774167 0.481250 0.866667 0.518750 0.866667
1 0.696250 0.780833 0.728750 0.781667 0.731250 0.719167 0.700000 0.718333
0 0.706250 0.685000 0.731250 0.685833 0.735000 0.644167 0.710000 0.643333
3 0.701250 0.772500 0.701250 0.767500 0.695000 0.767500 0.695000 0.772500
2 0.685000 0.585000 0.720000 0.590000 0.747500 0.500000 0.711250 0.495833
2 0.323750 0.778333 0.353750 0.779167 0.360000 0.705833 0.328750 0.704167
0 0.620000 1.000000 0.643750 1.000000 0.648750 0.990000 0.625000 0.988333
3 0.436250 0.580833 0.428750 0.581667 0.428750 0.587500 0.436250 0.587500
3 0.766250 0.721667 0.760000 0.721667 0.761250 0.726667 0.767500 0.725833
3 0.427500 0.585833 0.420000 0.585833 0.421250 0.591667 0.427500 0.590833
2 0.255000 0.761667 0.280000 0.762500 0.281250 0.715833 0.256250 0.715000
2 0.723750 0.457500 0.758750 0.457500 0.760000 0.365000 0.725000 0.365000
3 0.420000 0.584167 0.412500 0.584167 0.412500 0.589167 0.420000 0.589167
0 0.651250 0.806667 0.677500 0.807500 0.678750 0.767500 0.653750 0.766667
0 0.636250 0.566667 0.663750 0.567500 0.666250 0.527500 0.638750 0.526667
1 0.651250 0.396667 0.675000 0.397500 0.677500 0.354167 0.653750 0.353333