0 0.458750 0.945000 0.481250 0.945000 0.478750 0.911667 0.457500 0.912500
1 0.476250 0.818333 0.452500 0.819167 0.456250 0.857500 0.480000 0.856667
0 0.548750 1.000000 0.591250 1.000000 0.590000 0.968333 0.547500 0.968333
3 0.550000 0.979167 0.558750 0.978333 0.557500 0.974167 0.548750 0.975000
0 0.557500 0.906667 0.578750 0.906667 0.577500 0.873333 0.555000 0.873333
0 0.558750 0.810833 0.577500 0.810833 0.577500 0.782500 0.557500 0.782500
0 0.476250 0.769167 0.453750 0.770000 0.457500 0.805833 0.480000 0.805000
1 0.475000 0.700833 0.445000 0.701667 0.447500 0.756667 0.476250 0.756667
3 0.568750 0.868333 0.580000 0.868333 0.580000 0.861667 0.567500 0.861667
3 0.595000 0.875833 0.607500 0.873333 0.603750 0.865833 0.591250 0.868333
1 0.445000 0.677500 0.477500 0.675833 0.471250 0.626667 0.440000 0.628333
0 0.561250 0.956667 0.581250 0.956667 0.581250 0.926667 0.561250 0.926667
3 0.581250 0.846667 0.588750 0.845000 0.587500 0.841667 0.580000 0.843333
0 0.572500 0.632500 0.550000 0.632500 0.551250 0.668333 0.573750 0.667500
0 0.550000 0.716667 0.573750 0.715000 0.568750 0.676667 0.545000 0.677500
2 0.812500 0.478333 0.810000 0.455833 0.656250 0.465000 0.658750 0.487500
0 0.581250 0.651667 0.602500 0.651667 0.601250 0.615833 0.580000 0.616667
2 0.660000 0.561667 0.662500 0.582500 0.751250 0.577500 0.748750 0.556667
1 0.988750 0.464167 0.985000 0.441667 0.865000 0.449167 0.867500 0.472500
2 0.198750 0.516667 0.196250 0.492500 0.088750 0.498333 0.092500 0.522500
0 0.351250 0.310833 0.365000 0.297500 0.316250 0.275000 0.302500 0.288333
1 0.768750 0.550000 0.771250 0.572500 0.875000 0.565833 0.872500 0.543333