0 0.401250 0.740833 0.376250 0.741667 0.377500 0.780833 0.403750 0.780833
0 0.433750 0.388333 0.408750 0.389167 0.410000 0.429167 0.435000 0.428333
0 0.507500 0.455000 0.482500 0.455000 0.483750 0.495000 0.508750 0.495000
2 0.376250 0.886667 0.340000 0.887500 0.345000 0.964167 0.381250 0.963333
0 0.435000 0.572500 0.408750 0.573333 0.410000 0.613333 0.437500 0.612500
2 0.380000 0.246667 0.345000 0.247500 0.347500 0.336667 0.382500 0.336667
0 0.443750 0.794167 0.417500 0.794167 0.418750 0.834167 0.445000 0.834167
0 0.625000 1.000000 0.651250 1.000000 0.651250 0.981667 0.623750 0.982500
0 0.506250 0.370000 0.478750 0.370000 0.478750 0.410000 0.506250 0.410000
3 0.305000 0.848333 0.311250 0.847500 0.311250 0.842500 0.305000 0.842500
3 0.311250 0.847500 0.317500 0.847500 0.316250 0.840833 0.311250 0.840833
3 0.306250 0.763333 0.307500 0.757500 0.303750 0.756667 0.301250 0.762500
2 0.632500 0.750000 0.667500 0.750000 0.668750 0.660000 0.633750 0.659167
3 0.316250 0.850000 0.321250 0.849167 0.320000 0.845000 0.316250 0.845000
3 0.308750 0.654167 0.316250 0.654167 0.316250 0.649167 0.307500 0.649167
3 0.317500 0.654167 0.323750 0.654167 0.322500 0.647500 0.316250 0.648333
3 0.298750 0.603333 0.288750 0.603333 0.288750 0.610000 0.298750 0.610000
1 0.536250 0.940833 0.562500 0.940833 0.562500 0.900833 0.536250 0.900833
0 0.573750 0.876667 0.598750 0.876667 0.598750 0.842500 0.573750 0.842500
3 0.300000 0.585833 0.310000 0.585833 0.308750 0.578333 0.300000 0.578333
3 0.202500 0.568333 0.200000 0.572500 0.210000 0.574167 0.211250 0.569167
3 0.286250 0.572500 0.277500 0.571667 0.277500 0.578333 0.285000 0.579167
3 0.243750 0.577500 0.243750 0.571667 0.236250 0.571667 0.236250 0.577500
0 0.533750 0.666667 0.558750 0.666667 0.558750 0.628333 0.532500 0.628333
3 0.276250 0.573333 0.270000 0.573333 0.270000 0.577500 0.276250 0.577500
0 0.567500 0.547500 0.593750 0.547500 0.593750 0.507500 0.566250 0.507500
2 0.618750 0.415000 0.656250 0.413333 0.651250 0.338333 0.615000 0.339167
3 0.746250 0.959167 0.755000 0.960000 0.755000 0.955000 0.746250 0.955000
3 0.735000 0.494167 0.727500 0.494167 0.727500 0.498333 0.735000 0.498333
2 0.501250 0.093333 0.466250 0.093333 0.466250 0.168333 0.501250 0.168333
0 0.520000 0.340000 0.547500 0.339167 0.546250 0.299167 0.518750 0.300000
3 0.143750 0.556667 0.136250 0.560000 0.140000 0.563333 0.147500 0.560833
0 0.772500 0.512500 0.767500 0.529167 0.827500 0.536667 0.832500 0.520833
0 0.556250 0.253333 0.581250 0.252500 0.580000 0.212500 0.555000 0.213333
0 0.497500 0.231667 0.472500 0.231667 0.472500 0.271667 0.497500 0.271667
3 0.065000 0.565000 0.063750 0.570833 0.071250 0.571667 0.072500 0.565833
3 0.722500 0.645000 0.728750 0.645000 0.728750 0.638333 0.721250 0.638333
0 0.227500 0.208333 0.233750 0.225000 0.292500 0.215833 0.286250 0.200000
3 0.156250 0.597500 0.156250 0.602500 0.161250 0.602500 0.161250 0.597500